2635
2326
3110
2361
2551
2677
2336
2387
2539
2875
2678
2478
2835
3030
2863
2738
2913
2714
2846
2663
2631
2862
2797
2656
2784
3098
2960
2665
3189
3012
2957
3064
2425
3020
3172
2867
2984
3178
2799
3007
2933
2403
3066
2341
2618
2523
3127
2584
3251
3318
2748
3121
3071
2544
2454
3310
2918
2374
2415
3032
3162
2770
2928
3083
2668
2598
3147
3079
2861
3277
2671
2791
2793
2566
2803
2904
3041
2830
2989
3240
2723
3039
2530
2476
3069
2910
2888
2332
2710
2446
2749
2398
2368
3270
2392
2705
2552
3078
3275
3048
3077
2370
3224
2396
3204
2433
3022
3227
3005
3183
2436
2323
2388
2827
2891
2979
2853
3237
2779
2994
2795
2354
2976
2901
3191
2854
2905
3107
2315
2533
2701
2698
3174
3101
2824
2817
2691
3271
3067
2804
3138
3289
2658
2839
3184
3258
3088
2465
2923
2828
2497
2829
2452
3122
2845
3015
3054
2487
2917
2318
3248
2549
3168
2557
3263
2814
2876
2936
2670
3246
3075
2716
2869
3177
2761
3222
2950
3223
2844
2906
3017
2578
2664
2978
3154
2742
2825
3176
2627
2330
2512
2576
2402
2894
3046
2597
2447
2353
2669
3102
3146
2759
3299
2463
2378
2358
2815
2494
2457
2881
3307
2360
2920
2988
2868
2655
2719
2431
3208
2993
2475
2560
3070
2786
3058
3273
2351
2604
2636
2471
3008
2878
2437
2606
2887
2746
3206
2699
2438
3311
2674
3072
2974
2773
2983
2648
2359
2640
2516
2654
2879
2490
2826
2328
2659
2568
2626
2818
3164
3254
3108
2760
2314
2785
3062
3059
3011
3225
3045
3117
3167
2971
3097
2503
2617
2661
2963
2949
3033
3216
3134
3160
3171
2435
2943
2550
3231
3149
2567
3118
2747
2973
3190
2369
2464
2468
2970
2732
2703
2623
2823
2384
2914
3018
2843
2897
2561
3148
2496
2440
2511
2633
2393
3249
3294
2865
3192
3073
3169
3188
2500
2536
2417
2657
2880
3165
2484
2416
2684
2709
3274
2821
3285
3324
2621
2646
2469
3003
2531
3052
3023
3220
3126
2798
2625
3053
3013
3166
2612
2594
2583
2610
3217
2570
2375
3268
2697
2820
2474
2895
3321
2441
3131
2545
3144
2836
2482
2802
3093
2695
3281
2480
2687
2605
3009
3103
2889
2737
2717
2813
3155
2343
2859
3037
3211
3266
2816
2619
2767
3199
2540
3182
2873
2599
2637
2733
3259
3096
2676
3104
3326
2357
3145
2650
2406
2395
3150
2371
2344
3014
2649
3226
2418
3105
3113
2372
2410
2350
2587
3238
2704
2347
2653
3152
3047
2414
2940
2537
3302
2622
2886
2850
3317
2980
3034
2579
2890
2495
2548
2451
3267
2693
3301
2778
3295
2772
2641
2434
2564
2822
3279
2954
2752
2613
3229
3040
2924
2453
2831
3215
2411
3004
3084
2734
3109
2902
2707
2405
2364
2498
2316
2720
3187
2751
2864
2609
2722
2647
3320
2338
3094
2921
2449
2925
2806
2775
2329
2603
2872
2975
2439
3319
2718
3029
2991
2349
3158
2780
2899
2373
