1948
1720
2364
2642
1749
1887
1980
1726
1769
2568
1875
2588
2158
1981
1841
2122
2278
2604
2143
2049
2193
2011
2131
1969
1946
2142
2086
1963
2076
2631
2338
2223
1971
2441
2265
2222
2310
1796
2272
2421
2147
2242
2429
2088
2587
2526
2259
2207
1781
2311
1728
1935
1868
2379
1904
2491
2582
2623
2698
2055
2375
2317
1881
1822
2687
2197
1760
1789
2280
2408
2065
2204
2328
1972
1916
2392
2326
2141
2659
1975
2082
2084
1896
2505
2092
2184
2289
2120
2245
2633
2030
2287
1870
1839
2560
2315
2190
2171
1724
2007
1814
2056
1779
1754
2647
1773
2001
1888
2325
2657
2296
2324
1756
2608
1777
2589
1799
2651
2273
2613
2460
2254
2695
1806
2486
1718
1770
2116
2529
2176
2237
2134
2544
2496
2073
2462
2250
2085
2398
1742
2234
2182
2579
2135
2494
2185
2361
1711
1872
1996
1994
2585
2340
2112
2099
1986
2451
2650
2312
2093
2521
2477
2675
1965
2127
2570
2636
2331
1830
2439
2201
2117
1856
2118
1820
2511
2130
2269
2396
2303
2431
1848
2196
2445
1713
2627
1885
2553
1889
2641
2442
2393
2400
2096
2159
2208
1974
2411
2363
2626
2630
2279
2452
1886
2686
2270
2424
2210
1739
2591
2121
1858
2034
2144
1926
1775
2685
1952
1821
1782
2519
1945
1786
2248
2382
1891
2677
2463
2512
2538
2535
2221
1966
2662
1902
2163
2694
2327
1906
2294
2286
2622
2454
1903
2235
1784
2226
2036
2593
1992
1734
2260
2115
2646
1901
1746
1712
2448
2249
2542
2594
2571
2275
2009
2634
2264
2391
2384
2614
1851
1898
2674
2258
2295
2515
2399
2548
1953
1960
2410
2333
2537
1831
2337
2114
2098
2362
2000
1913
2029
2217
1847
2075
2247
2678
2322
1832
1863
2555
2575
2466
2658
1873
1791
1964
2110
2549
2558
2292
1790
1982
2288
2006
2435
2107
2480
2198
2499
1937
1954
1833
2079
1871
2209
1943
2137
2097
2603
2514
2087
2449
1941
2162
2367
2540
2277
2596
1836
1890
2615
1930
2329
2547
1928
2599
2386
1899
1761
2266
2645
1993
2663
2376
2691
1837
2054
2109
2216
2701
1811
2133
2020
2138
1882
2524
2561
1846
2517
1852
1991
2576
2459
1842
2668
2262
1985
1923
1798
2522
2670
2307
1829
2048
2021
2536
2183
2091
2479
2682
2550
2601
2416
2069
1730
2509
2180
1740
2285
2702
2387
1936
2637
2577
1876
2616
2508
2063
2564
2562
1917
1950
2483
2043
2274
2261
2168
2506
1979
2271
2053
2597
2652
2707
2525
1745
2493
1805
1958
2394
1776
2377
2531
1757
1731
2090
1934
2072
2024
1957
2612
1794
2492
2145
2501
1758
1785
1737
1907
2008
2202
2005
2330
2389
2343
1995
1723
1788
2380
2062
2129
2300
2199
1787
2347
1999
2602
2654
2230
2318
2344
1897
2390
2488
2401
2664
1813
1938
2671
2693
2700
2178
1768
1864
1795
2132
1715
2290
2232
1962
2543
2094
1869
2238
2371
1929
2495
2136
2374
2581
2252
