1119
655
166
12
125
1159
853
53
981
1011
118
137
1106
534
357
29
46
1134
26
520
950
914
715
903
688
225
126
275
1039
161
24
739
718
372
93
977
793
692
97
884
985
124
757
848
67
412
817
91
946
455
712
1202
406
1170
961
299
669
774
975
32
750
99
10
500
215
1034
702
964
565
250
80
108
859
732
245
107
818
324
1130
41
1193
156
1139
211
980
458
672
59
616
422
971
60
263
415
234
453
1092
689
61
825
574
524
731
514
1211
695
705
65
700
872
254
654
1063
761
650
447
418
183
278
1100
646
176
1108
145
716
564
962
379
939
286
518
152
1024
1020
236
851
411
1090
483
661
1197
110
587
322
68
434
56
330
748
122
1045
476
1104
684
94
857
382
104
1007
633
304
142
590
292
683
736
356
543
310
1213
626
260
855
306
1152
88
529
780
229
735
807
701
1131
209
195
69
915
248
217
802
98
485
256
3
89
936
1046
223
326
1102
643
583
484
312
569
425
787
929
457
628
478
845
228
777
130
388
423
607
594
827
1099
770
160
563
417
1032
449
1221
592
75
1084
1220
353
724
1138
568
461
5
105
710
1033
450
636
902
1062
595
707
1044
427
864
555
883
1110
311
252
1067
831
678
703
42
1080
146
1111
552
1077
1169
210
495
1190
437
900
854
493
1086
443
852
1012
751
424
1013
779
991
512
752
503
480
682
408
119
771
804
1059
367
1014
557
205
43
901
1028
64
313
1040
471
758
1148
644
999
1164
1023
391
717
1027
522
743
117
30
920
350
243
893
983
861
938
96
219
365
246
1026
746
585
487
192
1037
1096
823
931
554
605
1155
1035
473
343
297
885
567
727
976
44
662
113
1043
1206
513
1143
801
362
940
536
1065
897
952
1052
1115
479
14
150
576
1204
619
988
467
925
551
759
373
1016
507
673
190
969
765
38
697
674
1091
354
273
451
548
733
1112
298
840
581
276
1217
213
7
664
891
439
199
987
1094
1128
792
641
153
877
433
448
277
1042
128
240
776
1074
623
204
535
521
481
123
982
830
966
1103
797
307
826
133
335
1070
1061
547
1083
1095
556
773
603
637
403
364
1125
699
624
361
360
824
634
544
704
596
553
870
465
73
782
1151
400
300
1015
92
76
584
355
775
1167
416
844
713
573
191
899
858
54
1124
293
220
652
972
944
305
738
131
456
1201
896
558
911
239
333
392
1121
1156
352
62
730
138
1060
